Nr,TID,PID,x [inch],y [inch],t [sec],I [val],Len [inch],D2S [inch],D2R [inch],D2P [inch],v [inch/sec],α [deg],Δα [deg]
1,1,14,1.049,0.448,0,103.6,0,0,NA,NA,NA,NA,NA
2,1,15,1.046,0.374,1,105,0.075,0.075,NA,0.075,0.075,-91.591,NA
3,1,16,1.098,0.448,2,107.5,0.166,0.05,NA,0.091,0.091,55.222,146.813
4,1,17,1.018,0.451,3,116.2,0.246,0.03,NA,0.08,0.08,178.512,123.29
5,1,13,1.031,0.415,11,107.4,0.283,0.038,NA,0.037,0.005,-70.56,110.928
6,1,19,1.018,0.451,29,76.6,0.321,0.03,NA,0.037,0.002,109.44,180
7,1,18,1.018,0.451,34,71,0.321,0.03,NA,0,0,0,-109.44
8,1,12,1.032,0.412,41,90.8,0.361,0.04,NA,0.041,0.006,-70.641,-70.641
9,1,11,1.027,0.414,75,89.6,0.367,0.041,NA,0.006,1.644E-4,158.199,-131.16
10,1,10,1.031,0.402,134,119.9,0.38,0.05,NA,0.013,2.226E-4,-71.565,130.236
11,1,9,1.029,0.401,188,106.9,0.382,0.052,NA,0.002,4.299E-5,-153.435,-81.87
12,1,8,1.029,0.398,250,110.5,0.385,0.055,NA,0.003,5.023E-5,-90,63.435
13,1,7,1.022,0.386,343,69.7,0.399,0.068,NA,0.014,1.455E-4,-122.471,-32.471
14,1,6,1.028,0.379,453,84.7,0.409,0.073,NA,0.01,8.701E-5,-49.399,73.072
15,1,5,1.032,0.374,529,95.6,0.415,0.077,NA,0.007,8.747E-5,-51.34,-1.941
16,1,4,1.036,0.366,650,89.5,0.424,0.083,NA,0.008,6.917E-5,-60.255,-8.915
17,1,3,1.037,0.37,721,105.9,0.427,0.08,NA,0.003,4.624E-5,71.565,131.82
18,1,2,1.041,0.368,753,57.4,0.432,0.081,NA,0.005,1.451E-4,-26.565,-98.13
19,1,1,1.041,0.368,765,50.1,0.432,0.081,NA,0,0,0,26.565
20,2,32,4.258,1.788,0,109.6,0,0,NA,NA,NA,NA,NA
21,2,31,4.266,1.714,1,115.6,0.075,0.075,NA,0.075,0.075,-84.408,NA
22,2,30,4.321,1.797,2,123.3,0.174,0.063,NA,0.1,0.1,56.227,140.636
23,2,27,4.247,1.789,3,124.9,0.249,0.011,NA,0.075,0.075,-173.616,130.157
24,2,28,4.251,1.758,4,117.5,0.281,0.031,NA,0.031,0.031,-82.405,91.21
25,2,29,4.251,1.746,5,112.7,0.292,0.043,NA,0.011,0.011,-90,-7.595
26,2,26,4.256,1.752,15,114.5,0.3,0.036,NA,0.008,7.717E-4,47.726,137.726
27,2,25,4.252,1.75,35,116.8,0.305,0.039,NA,0.005,2.556E-4,-156.038,156.236
28,2,24,4.244,1.758,51,156.3,0.316,0.034,NA,0.011,6.882E-4,135,-68.962
29,2,23,4.253,1.758,63,120.1,0.325,0.031,NA,0.009,7.786E-4,0,-135
30,2,22,4.255,1.753,83,117.9,0.33,0.035,NA,0.005,2.556E-4,-66.038,-66.038
31,2,21,4.252,1.747,100,101.8,0.337,0.041,NA,0.007,3.826E-4,-118.61,-52.573
32,2,20,4.256,1.743,134,128.4,0.343,0.046,NA,0.006,1.838E-4,-48.366,70.244
33,2,19,4.255,1.739,152,126.9,0.347,0.049,NA,0.004,2.196E-4,-113.199,-64.832
34,2,18,4.255,1.742,170,153,0.35,0.046,NA,0.003,1.73E-4,90,-156.801
35,2,17,4.252,1.739,213,125.9,0.354,0.05,NA,0.004,9.428E-5,-129.806,140.194
36,2,16,4.255,1.736,257,125,0.358,0.052,NA,0.004,8.342E-5,-45,84.806
37,2,15,4.253,1.738,273,121.1,0.36,0.051,NA,0.003,1.622E-4,143.13,-171.87
38,2,14,4.254,1.764,323,118.8,0.387,0.024,NA,0.026,5.299E-4,87.754,-55.376
39,2,9,4.254,1.767,327,127.3,0.39,0.021,NA,0.003,7.786E-4,90,2.246
40,2,10,4.253,1.796,345,122.5,0.419,0.01,NA,0.029,0.002,92.083,2.083
41,2,11,4.252,1.81,363,118.1,0.433,0.023,NA,0.014,7.807E-4,94.236,2.154
42,2,12,4.254,1.829,387,121.5,0.452,0.041,NA,0.019,8.049E-4,83.83,-10.407
43,2,8,4.254,1.832,413,110.8,0.455,0.044,NA,0.003,9.982E-5,90,6.17
44,2,13,4.254,1.829,423,117.8,0.457,0.041,NA,0.003,2.595E-4,-90,-180
45,2,7,4.267,1.846,490,122.5,0.478,0.058,NA,0.021,3.146E-4,52.001,142.001
46,2,6,4.274,1.846,528,116.6,0.485,0.06,NA,0.007,1.776E-4,0,-52.001
47,2,5,4.282,1.85,599,122.1,0.495,0.067,NA,0.01,1.406E-4,27.897,27.897
48,2,4,4.292,1.855,669,131.6,0.506,0.075,NA,0.011,1.559E-4,25.346,-2.551
49,2,3,4.298,1.86,698,118.3,0.513,0.082,NA,0.007,2.544E-4,39.289,13.943
50,2,2,4.301,1.862,742,123.8,0.517,0.086,NA,0.004,9.214E-5,39.806,0.516
51,2,1,4.305,1.867,765,114.5,0.524,0.092,NA,0.006,2.718E-4,48.366,8.561
52,3,34,0.703,4.113,0,105.8,0,0,NA,NA,NA,NA,NA
53,3,35,0.717,4.033,1,137,0.081,0.081,NA,0.081,0.081,-79.695,NA
54,3,36,0.769,4.112,2,139.7,0.176,0.066,NA,0.094,0.094,56.659,136.354
55,3,37,0.716,4.116,3,143.1,0.229,0.014,NA,0.053,0.053,175.515,118.856
56,3,38,0.712,4.074,4,157.2,0.272,0.041,NA,0.043,0.043,-95.572,88.912
57,3,39,0.71,4.065,5,164.9,0.28,0.048,NA,0.009,0.009,-104.036,-8.464
58,3,33,0.695,4.067,7,144.2,0.296,0.046,NA,0.016,0.008,172.405,-83.558
59,3,40,0.697,4.059,13,119.6,0.304,0.054,NA,0.009,0.001,-75.964,111.631
60,3,41,0.697,4.059,32,92.2,0.304,0.054,NA,0,0,0,75.964
61,3,32,0.702,4.077,36,132.4,0.323,0.036,NA,0.018,0.005,73.61,73.61
62,3,31,0.698,4.078,65,136.2,0.327,0.036,NA,0.004,1.476E-4,165.964,92.353
63,3,30,0.698,4.065,157,121.7,0.34,0.048,NA,0.012,1.354E-4,-90,104.036
64,3,29,0.7,4.066,186,123.2,0.342,0.047,NA,0.002,8.005E-5,26.565,116.565
65,3,28,0.699,4.056,201,111.5,0.352,0.057,NA,0.01,6.955E-4,-95.711,-122.276
66,3,27,0.698,4.065,215,115.4,0.362,0.048,NA,0.009,6.715E-4,96.34,-167.949
67,3,26,0.691,4.06,230,140.9,0.37,0.054,NA,0.008,5.405E-4,-140.194,123.465
68,3,25,0.691,4.054,237,122,0.376,0.06,NA,0.006,8.898E-4,-90,50.194
69,3,24,0.691,4.054,252,129.2,0.376,0.06,NA,0,0,0,90
70,3,23,0.69,4.054,262,131.3,0.377,0.06,NA,0.001,1.038E-4,180,180
71,3,22,0.69,4.054,275,144,0.377,0.06,NA,0,0,0,-180
72,3,21,0.69,4.056,283,129.2,0.379,0.058,NA,0.002,2.595E-4,90,90
73,3,20,0.688,4.064,286,88.1,0.388,0.051,NA,0.009,0.003,104.036,14.036
74,3,19,0.691,4.085,292,140.6,0.409,0.03,NA,0.021,0.003,81.469,-22.567
75,3,18,0.691,4.088,293,139.2,0.412,0.027,NA,0.003,0.003,90,8.531
76,3,17,0.682,4.084,317,99.1,0.422,0.036,NA,0.01,4.26E-4,-156.038,113.962
77,3,16,0.688,4.084,325,98.7,0.428,0.032,NA,0.006,7.786E-4,0,156.038
78,3,15,0.695,4.095,337,133.7,0.441,0.02,NA,0.013,0.001,61.39,61.39
79,3,13,0.698,4.083,342,86,0.454,0.031,NA,0.013,0.003,-75.964,-137.353
80,3,14,0.695,4.105,346,131.6,0.476,0.012,NA,0.022,0.006,98.13,174.094
81,3,12,0.692,4.11,348,126.6,0.482,0.011,NA,0.006,0.003,111.801,13.671
82,3,11,0.69,4.117,359,153.4,0.489,0.013,NA,0.008,6.871E-4,105.945,-5.856
83,3,10,0.69,4.131,371,142.7,0.503,0.022,NA,0.013,0.001,90,-15.945
84,3,9,0.689,4.138,377,158.3,0.51,0.028,NA,0.007,0.001,98.13,8.13
85,3,43,0.688,4.153,388,104.8,0.525,0.042,NA,0.015,0.001,94.086,-4.044
86,3,42,0.691,4.153,424,147.8,0.528,0.041,NA,0.003,8.651E-5,0,-94.086
87,3,8,0.699,4.155,433,147.7,0.535,0.042,NA,0.008,8.398E-4,15.945,15.945
88,3,7,0.714,4.158,506,146.8,0.551,0.046,NA,0.016,2.175E-4,11.31,-4.635
89,3,6,0.72,4.169,563,129.3,0.564,0.059,NA,0.013,2.282E-4,61.39,50.08
90,3,5,0.728,4.171,632,160.6,0.572,0.063,NA,0.008,1.095E-4,15.945,-45.444
91,3,4,0.73,4.167,691,158.4,0.576,0.06,NA,0.005,7.869E-5,-63.435,-79.38
92,3,3,0.729,4.167,723,161.5,0.577,0.06,NA,0.001,3.244E-5,180,-116.565
93,3,2,0.739,4.167,747,174.2,0.588,0.065,NA,0.01,4.326E-4,0,-180
94,3,1,0.742,4.169,765,171.9,0.592,0.069,NA,0.004,2.079E-4,33.69,33.69
